’ 11151111.1 165

5, 109 5, 111 5, 114 5, 123 5,
128 5, 129 b, 133 5, 136 5, 137
a, 154 5, 155 5, 158 b, 159 5,
Brut„ 135, 13 5, 22 5, 71 5, 77
5, 77 5, 78 5, 81 5, 85 5, 91 5,
104 b (515), 106 5(515), 125 5,
132 5, 154 5, 156 5, 1585,
Orae.,4 5, 40 5, 41 5, 43 5, 58
5, 25515, 29 5, 60 5, 1545,
Partis.. 39 5, proDomo, 61b,
150 5, ὀιΗανωρ. Resp. 1445,
1115415151.,139 5, ,15511555 Am,
35,115,185,165,175,265
(515), 37 5, 49 5, 62 5, 66 5, 71
5, 73 5, 73 5, 80 5, 83 5, 89 5,
90 5, 92 5, 186 5, 110 5, 110 5,
111 a, 111 b, 112 5 (515),122 5,
126 b, 131 5, 133 5, 135 5,147
5, 1515,1545,1595,1595
(515), ,155 noae. 0555, 136 5, in
055511, 72 5, 156 5, in Verr,
23 5, 35 5, 96 5, 132 5, 133 5,
135 5, pro 15115511, 9 5, 135,
28 5, 35 5, 36 5,41 5,51 5, 52
5, 63 5, 72 5, 81 5, 88 5, 95
5, 1415, 154 5, pro 015551, 60
5, 64 5, 144 5, 160 5, de L.
Agrar. sive 15 leun, 10 5, in
05111,9 5, 11 5, 13 5, 25 5, 32
5, 34 5 (515), 35 5 (515), 42 5,
59 5, 66 5, 67 5, 69 5, 72 5, 77
5, 82 5, 85 5, 102 5, 105 5, 107
5, 108 5 (515),1135, 114 b, 115
5, 119 5, 1245, 124 1), 125 5,
1465,1515,1545,1605,ρνο
Masta, 39a, 47 5, 61 5, 72 5,
77 5, 94 5, 96 5, 97 5, 107 5,
129 5, 136 5, 141 5 (515), 145 5,
148 5, 151 5, pro Flacco, 76 5,
1275, pro 85115, 3 5, 21 5, 32
5, 345, 81 5, 92 5, 94 5, 112 5,
115 5, 137 5, 137 5, 138 5, 141
5, 143 5, 156 5, ρνοΑ)51).,29 5,
87 5, 49 5, 50 5,72 5, 135 5, 141
5, 1505, 55519555, 28 5, 335,
111 5, 121 5, pro 3551. 185, 19
5, 36 5, 49 5,51 5, 64 5, 74 5,
76 5, 795(1)15),81 5, 85 5,116
5,121 5,133 5, 151 5,1605,
pro 0551, 136 5,, de Prov. 0555,
1565, 1516155, 345,615,,))·5

Mil, 24 5, 38 5, 48 5, 72 5, 94
5,151 5, 1511,1551,1555;,15
Ligar„ 135, 165, 27 5, 35 5, 49
1), Philipp. 35 a, 40 5, 60 5, 105
5, 106 5, 107 5, 123 5, 136 5,
139 5,144 5, 15851595, ad
35511195, 14 5, 16 5,185 (bis),
20 5, 22 5, 30 5, 36 5, 41 5, 49
5, 55 5, 62 5, 65 5, 65 5, 66 5,
71 5,71 5, 73 5, 735, 77 5,78
5, 80 5, 87 5, 94 5, 98 5, 99 5,
103 5, 1035, 105 5, 106 5 (ter),
107 5, 112 5, 112 5 (515),113 5,
123 5, 133 a, 148 5, 149 5, 155
5, 161 5 (515), ad Q. fratrem,
51 a, 585,835, 1565, adame,
15, 155, 17 5, 25 5, 35 5, 355,
37 5, 405, 1015, Α555.,465,
49 5, 73 5, 158 5, de 115, 15
(15),1 b, 2 a, 5 1, 4 1, 5 aber),
5b(ter),6b, 7b(bis), 8 5, 95,
95,105,115(515),115,125,
12 5, 145, 19 5, 20 5, 21 5, 22
5, 24 5, 29 5, 305(515) 34 5, 38
5, 41 5, 43 5, 44 5, 455(515),
46 5, 485(515), 48 5, 51 5, 52
5, 53 5, 55 5, 56 b. 60b(ter),
61 5, 62 5, 63 5, 64 5, 65 5, 65
5, 66 5, 66 5, 69 5, 74 5, 77 5,
785(515) 835, 845(515), 84 5,
91 1), 94 5, 95 5, 97 5,1025, 102
5, 1035 (bis), 104 5, 107 5,108
5, 109 1), 110 a, 1111), 1135,
1145,1145,1155(515),1155,
1171, 1151, 1155, 1511, 155
5 (515), 123 5,125 5, 127 5,128
1), 1291), 132 5, 133 5, 135 a,
138 5, 1395,1421),143 5, 144
5,146 5 (515), 147 5, 1515, 154
5, 155 5, 155 5, 157 5, 157 5,
158 5, 159 5, 7555.,15,25,11
5Η5Ὴ5Ἇ5Ὴ5ἥ5
31 5, 335(515), 345, 38 5, 39 5,
39 5,425,465,48 5,495,50
5, 60 5, 60 5, 635, 65 5, 69 5,
70 5, 725, 78 5, 80 5, 81 5, 106
1,1575,1151,1145,1151
(515), 122 5,125 5,125 5, 1315,
133 5, 140 5, 1545,1595,159
5, 115115Ρ55.,495,1015, 110
5, 132 5, 144 5, 515553, 14 5,

 

