161 INDEX.

Α110100), nuntiatum, 08 0.
Alter, 13 0, 18 0, 140 b.
Altitudo 001001, 39 a.
Ambigi, 125 0.

Ambitio, 41 a.

Ambrosius, 140.

An, 01) non, 22 0.

Beneficiis 10000100) tenebatur, 81 1).
11000 aliena, 94 0.
00010111, sive urbane 0100 ironice,

11 0 ; bono-viro pauperi, 101 b:
fflfm 00110 cummunis,

11001100 naturae, 3 b.

Anacolutha,1 1), 40, 5 0(010),8 0, Βραχυλογία, l 0, 30, 00, 101),

11 0, 21 1), 35 0, 1000, 128 0,
144 0, 150 0.

Animum advertere, 100 0.

0101000 pro 0010100 qui 00001 ip·
sum, 1 0, 12 0, 3501000101
00101000, 40 0.

Armis et 00000 aliquot 01000130

Ama adinjuriam, 121 b.

0010000100, 138 0

Antea, 82 0.

1101100101 011111, 08 0.

100,101),310,340, 420, 40
0, 41 0, 49 0, 51 0 (101), 51 0,
52 0,52 0, 54 0, 000, 10 0,13
0, 110, 80 0, 81 0, 83 0, 83 0,
90 0, 90 0, 010, 91 0, 09 0, 100
0,1020,1110,1120(010),113
0 (010), 118 0 (010), 120 0, 121
0, 1251), 1200 (010), 121 0,121
0, 148 0.

cadit res 10 aliquem, 115ος 10 10·

unigentium 00010010, 110 1).

411021401140111122 9 ²³ notanda 00000, 17 a, 11⁵ 0

quaedam, 121 0.
Aqua 110001, 159 1).

00100110), 81 0.
0011000000110, 30 0.

Arbitrum adigere 01010 ¹3⁶ 4 causam cum 00000, 410.

Argentariam jacere, 133 0.
Asyndeton, 10 0, 98 0

Uolumnia, 15 0.
Campus rhetorum, 21 0.

Atque 01100, 66010100 post m· Capitis emam, 18 h; 00001

101 0.

01-, 1οο 1.

Attracfi015 b, 1181151) ²² ⁸» ³²1¹ Caritas, 00. annonae, 90 u.
³⁵ 0510 ⁶4 0 ⁷⁶ ³· ⁸⁶ bs 0000000000)οω 00 ι,
931),810,1100,1180, 1180, cm me ξπ W· 4⁹11.

131 0.
Αο0100000100, 05 0.

0010110 a.
000000, 19 0.

,4011100011000000001000011000ιοτο ema „t cmm pomum, 24 ι
dare, l 01 “mm (19811 1³¹⁰ ‘⁸⁸⁶' Certe, 108 0.

divimus, 91).
Augurium agere, 130 a„

010110 0000010100, 51), 15 0 3 000)

Ceteri, 0000000010, ’13 0.
0010001110, 18 0, 50 b, 57 0, 58 0,

1450.

“ 1401111 verbo, 650116111011 0100001010001.,30, 041),οο

000), 1310.
1401001100οῑ00), 200 post quo-
0100, 55 0; respondet copulae 01,
,40801110 1000), 0000010010 0.

Bellum 0100011, 11 1); 00110 Persico,
1101011000 50010010011101
001100011ρί0) 001110 101000110-
mut,⁴ 83 0) 01010010 ojus 00111,
129 0) ducere, 141 13 Pyrrhi
1101101440.

Bm 00110, 40 0.

01110 0001, 20,20,30,31)
(010), 4 0,50,01),90,90,10
0,101),110,110,130, 150,
180, 20 0, 22 0, 24 0, 25028
0,30 0,31 0, 330, 340350,
41 0, 42 0, 44 0, 45 0 (010), 40
0520, 53 0, 5410500580,
50 0, 00 0, 000 (1110), 0100110),
05 ι, 05 0, 00 0, 121) (bia), 13
0,100,110,180,’180,811),
820810900,810,92 0(1)10),
99 0, 102 0, 103 0, 100 0, 101

 

